# Ne(3P) + OCS: partial ionization width (Gamma) from (2)^3A' surface into X^2\Pi state of OCS^+  
# Gamma expanded in terms of Legendre polynomials 
# Below are Legendre radial functions from L = 0 to L = 4
# All data are in atomic units (Bohr / Hartree)   
# 
# R       L = 0        L = 1        L = 2        L = 3        L = 4
  5.71    7.817E-04    5.584E-04    9.167E-04   -1.192E-03    7.681E-05 
  5.78    7.001E-04    5.140E-04    8.128E-04   -1.043E-03    1.501E-05 
  5.86    6.271E-04    4.720E-04    7.217E-04   -9.133E-04   -3.204E-05 
  5.93    5.616E-04    4.325E-04    6.415E-04   -7.999E-04   -6.711E-05 
  6.01    5.030E-04    3.955E-04    5.708E-04   -7.009E-04   -9.254E-05 
  6.08    4.504E-04    3.610E-04    5.085E-04   -6.144E-04   -1.102E-04 
  6.16    4.033E-04    3.289E-04    4.533E-04   -5.386E-04   -1.217E-04 
  6.24    3.610E-04    2.993E-04    4.044E-04   -4.724E-04   -1.284E-04 
  6.31    3.231E-04    2.719E-04    3.610E-04   -4.144E-04   -1.312E-04 
  6.39    2.891E-04    2.467E-04    3.224E-04   -3.635E-04   -1.311E-04 
  6.46    2.586E-04    2.235E-04    2.881E-04   -3.190E-04   -1.288E-04 
  6.54    2.313E-04    2.023E-04    2.574E-04   -2.799E-04   -1.248E-04 
  6.61    2.067E-04    1.829E-04    2.301E-04   -2.456E-04   -1.197E-04 
  6.69    1.847E-04    1.652E-04    2.057E-04   -2.155E-04   -1.137E-04 
  6.77    1.650E-04    1.490E-04    1.839E-04   -1.892E-04   -1.073E-04 
  6.84    1.473E-04    1.343E-04    1.644E-04   -1.660E-04   -1.005E-04 
  6.92    1.315E-04    1.210E-04    1.469E-04   -1.456E-04   -9.368E-05 
  6.99    1.173E-04    1.089E-04    1.312E-04   -1.278E-04   -8.687E-05 
  7.07    1.046E-04    9.791E-05    1.172E-04   -1.121E-04   -8.022E-05 
  7.14    9.321E-05    8.798E-05    1.047E-04   -9.831E-05   -7.379E-05 
  7.22    8.303E-05    7.899E-05    9.339E-05   -8.621E-05   -6.763E-05 
  7.29    7.391E-05    7.088E-05    8.330E-05   -7.558E-05   -6.180E-05 
  7.37    6.576E-05    6.356E-05    7.427E-05   -6.624E-05   -5.630E-05 
  7.45    5.848E-05    5.695E-05    6.617E-05   -5.804E-05   -5.116E-05 
  7.52    5.197E-05    5.100E-05    5.891E-05   -5.084E-05   -4.637E-05 
  7.60    4.616E-05    4.565E-05    5.242E-05   -4.452E-05   -4.194E-05 
  7.67    4.098E-05    4.083E-05    4.661E-05   -3.898E-05   -3.784E-05 
  7.75    3.635E-05    3.650E-05    4.141E-05   -3.411E-05   -3.408E-05 
  7.82    3.223E-05    3.260E-05    3.676E-05   -2.984E-05   -3.063E-05 
  7.90    2.856E-05    2.911E-05    3.261E-05   -2.609E-05   -2.749E-05 
  7.97    2.529E-05    2.598E-05    2.890E-05   -2.281E-05   -2.462E-05 
  8.05    2.237E-05    2.317E-05    2.559E-05   -1.993E-05   -2.202E-05 
  8.13    1.979E-05    2.065E-05    2.264E-05   -1.740E-05   -1.966E-05 
  8.20    1.749E-05    1.839E-05    2.002E-05   -1.519E-05   -1.752E-05 
  8.28    1.544E-05    1.638E-05    1.768E-05   -1.326E-05   -1.560E-05 
  8.35    1.363E-05    1.457E-05    1.560E-05   -1.156E-05   -1.386E-05 
  8.43    1.202E-05    1.296E-05    1.375E-05   -1.008E-05   -1.231E-05 
  8.50    1.060E-05    1.152E-05    1.211E-05   -8.787E-06   -1.091E-05 
  8.58    9.333E-06    1.023E-05    1.065E-05   -7.654E-06   -9.660E-06 
  8.65    8.215E-06    9.079E-06    9.361E-06   -6.664E-06   -8.542E-06 
  8.73    7.227E-06    8.055E-06    8.219E-06   -5.799E-06   -7.544E-06 
  8.81    6.353E-06    7.142E-06    7.209E-06   -5.045E-06   -6.655E-06 
  8.88    5.581E-06    6.328E-06    6.317E-06   -4.386E-06   -5.863E-06 
  8.96    4.899E-06    5.604E-06    5.529E-06   -3.812E-06   -5.160E-06 
  9.03    4.298E-06    4.959E-06    4.835E-06   -3.312E-06   -4.536E-06 
  9.11    3.768E-06    4.386E-06    4.223E-06   -2.876E-06   -3.983E-06 
  9.18    3.302E-06    3.876E-06    3.685E-06   -2.496E-06   -3.493E-06 
  9.26    2.891E-06    3.423E-06    3.212E-06   -2.165E-06   -3.060E-06 
  9.34    2.529E-06    3.022E-06    2.797E-06   -1.878E-06   -2.678E-06 
  9.41    2.212E-06    2.665E-06    2.433E-06   -1.628E-06   -2.341E-06 
  9.49    1.933E-06    2.349E-06    2.114E-06   -1.411E-06   -2.045E-06 
  9.56    1.688E-06    2.069E-06    1.835E-06   -1.222E-06   -1.784E-06 
  9.64    1.473E-06    1.822E-06    1.591E-06   -1.058E-06   -1.554E-06 
  9.71    1.285E-06    1.602E-06    1.377E-06   -9.156E-07   -1.353E-06 
  9.79    1.120E-06    1.408E-06    1.191E-06   -7.922E-07   -1.177E-06 
  9.86    9.757E-07    1.237E-06    1.029E-06   -6.852E-07   -1.022E-06 
  9.94    8.495E-07    1.086E-06    8.884E-07   -5.924E-07   -8.869E-07 
 10.02    7.391E-07    9.521E-07    7.658E-07   -5.121E-07   -7.688E-07 
 10.09    6.427E-07    8.344E-07    6.594E-07   -4.425E-07   -6.657E-07 
 10.17    5.586E-07    7.307E-07    5.670E-07   -3.822E-07   -5.758E-07 
 10.24    4.851E-07    6.394E-07    4.870E-07   -3.301E-07   -4.975E-07 
 10.32    4.211E-07    5.590E-07    4.178E-07   -2.850E-07   -4.294E-07 
 10.39    3.654E-07    4.884E-07    3.580E-07   -2.460E-07   -3.702E-07 
 10.47    3.168E-07    4.264E-07    3.063E-07   -2.123E-07   -3.188E-07 
 10.54    2.745E-07    3.720E-07    2.618E-07   -1.831E-07   -2.742E-07 
 10.62    2.378E-07    3.242E-07    2.234E-07   -1.580E-07   -2.356E-07 
 10.70    2.059E-07    2.824E-07    1.904E-07   -1.362E-07   -2.022E-07 
 10.77    1.781E-07    2.457E-07    1.620E-07   -1.174E-07   -1.733E-07 
 10.85    1.540E-07    2.137E-07    1.377E-07   -1.012E-07   -1.484E-07 
 10.92    1.331E-07    1.856E-07    1.168E-07   -8.727E-08   -1.269E-07 
 11.00    1.150E-07    1.612E-07    9.896E-08   -7.521E-08   -1.084E-07 
 11.07    9.934E-08    1.398E-07    8.370E-08   -6.480E-08   -9.241E-08 
 11.15    8.574E-08    1.212E-07    7.067E-08   -5.583E-08   -7.869E-08 
 11.22    7.397E-08    1.049E-07    5.956E-08   -4.809E-08   -6.692E-08 
 11.30    6.379E-08    9.080E-08    5.011E-08   -4.142E-08   -5.682E-08 
 11.38    5.499E-08    7.851E-08    4.207E-08   -3.567E-08   -4.817E-08 
 11.45    4.738E-08    6.783E-08    3.525E-08   -3.072E-08   -4.078E-08 
 11.53    4.081E-08    5.855E-08    2.947E-08   -2.645E-08   -3.445E-08 
 11.60    3.514E-08    5.050E-08    2.458E-08   -2.277E-08   -2.906E-08 
 11.68    3.024E-08    4.352E-08    2.044E-08   -1.960E-08   -2.446E-08 
 11.75    2.602E-08    3.747E-08    1.696E-08   -1.687E-08   -2.055E-08 
 11.83    2.238E-08    3.224E-08    1.403E-08   -1.452E-08   -1.723E-08 
 11.91    1.924E-08    2.772E-08    1.157E-08   -1.249E-08   -1.441E-08 
 11.98    1.654E-08    2.381E-08    9.502E-09   -1.075E-08   -1.202E-08 
 12.06    1.421E-08    2.044E-08    7.775E-09   -9.248E-09   -9.998E-09 
 12.13    1.221E-08    1.753E-08    6.334E-09   -7.955E-09   -8.292E-09 
 12.21    1.048E-08    1.502E-08    5.134E-09   -6.842E-09   -6.855E-09 
 12.28    8.999E-09    1.286E-08    4.137E-09   -5.883E-09   -5.647E-09 
 12.36    7.725E-09    1.100E-08    3.312E-09   -5.059E-09   -4.632E-09 
 12.43    6.629E-09    9.404E-09    2.631E-09   -4.349E-09   -3.783E-09 
 12.51    5.688E-09    8.033E-09    2.071E-09   -3.738E-09   -3.073E-09 
 12.59    4.880E-09    6.856E-09    1.612E-09   -3.212E-09   -2.481E-09 
 12.66    4.186E-09    5.847E-09    1.238E-09   -2.760E-09   -1.990E-09 
 12.74    3.590E-09    4.983E-09    9.333E-10   -2.371E-09   -1.583E-09 
 12.81    3.079E-09    4.243E-09    6.875E-10   -2.036E-09   -1.247E-09 
 12.89    2.640E-09    3.610E-09    4.902E-10   -1.748E-09   -9.705E-10 
 12.96    2.264E-09    3.069E-09    3.329E-10   -1.501E-09   -7.441E-10 
 13.04    1.941E-09    2.607E-09    2.086E-10   -1.288E-09   -5.595E-10 
 13.11    1.664E-09    2.213E-09    1.112E-10   -1.105E-09   -4.098E-10 
 13.19    1.427E-09    1.877E-09    3.604E-11   -9.476E-10   -2.892E-10 
 13.27    1.224E-09    1.591E-09   -2.118E-11   -8.126E-10   -1.927E-10 
 13.34    1.049E-09    1.348E-09   -6.384E-11   -6.965E-10   -1.162E-10 
 13.42    9.000E-10    1.141E-09   -9.479E-11   -5.968E-10   -5.607E-11 
 13.49    7.720E-10    9.648E-10   -1.164E-10   -5.113E-10   -9.476E-12 
 13.57    6.623E-10    8.154E-10   -1.305E-10   -4.378E-10    2.608E-11 
 13.64    5.683E-10    6.886E-10   -1.388E-10   -3.748E-10    5.264E-11 
 13.72    4.878E-10    5.811E-10   -1.426E-10   -3.207E-10    7.194E-11 
 13.79    4.187E-10    4.901E-10   -1.429E-10   -2.743E-10    8.538E-11 
 13.87    3.595E-10    4.130E-10   -1.405E-10   -2.345E-10    9.416E-11 
 13.95    3.088E-10    3.478E-10   -1.363E-10   -2.004E-10    9.925E-11 
 14.02    2.654E-10    2.927E-10   -1.306E-10   -1.712E-10    1.015E-10 
 14.10    2.281E-10    2.461E-10   -1.241E-10   -1.462E-10    1.014E-10 
 14.17    1.961E-10    2.069E-10   -1.169E-10   -1.248E-10    9.971E-11 
 14.25    1.687E-10    1.737E-10   -1.095E-10   -1.065E-10    9.674E-11 
 14.32    1.452E-10    1.458E-10   -1.019E-10   -9.077E-11    9.287E-11 
 14.40    1.250E-10    1.223E-10   -9.444E-11   -7.736E-11    8.838E-11 
 14.48    1.077E-10    1.025E-10   -8.714E-11   -6.590E-11    8.349E-11 
 14.55    9.284E-11    8.586E-11   -8.011E-11   -5.611E-11    7.839E-11 
 14.63    8.007E-11    7.187E-11   -7.340E-11   -4.775E-11    7.321E-11 
 14.70    6.909E-11    6.012E-11   -6.706E-11   -4.062E-11    6.805E-11 
 14.78    5.966E-11    5.027E-11   -6.111E-11   -3.453E-11    6.301E-11 
 14.85    5.154E-11    4.200E-11   -5.556E-11   -2.934E-11    5.813E-11 
 14.93    4.456E-11    3.507E-11   -5.041E-11   -2.492E-11    5.346E-11 
 15.00    3.855E-11    2.927E-11   -4.564E-11   -2.115E-11    4.902E-11 