# Ne(3P) + OCS: partial ionization width (Gamma) from (2)^3A' surface into B^2\Sigma^+ state of OCS^+  
# Gamma expanded in terms of Legendre polynomials 
# Below are Legendre radial functions from L = 0 to L = 4
# All data are in atomic units (Bohr / Hartree)
# 
# R       L = 0        L = 1        L = 2        L = 3        L = 4
  5.71    3.977E-03    4.132E-03    1.529E-02    2.316E-03    1.820E-02 
  5.78    3.422E-03    3.542E-03    1.313E-02    1.968E-03    1.556E-02 
  5.86    2.946E-03    3.034E-03    1.128E-02    1.671E-03    1.330E-02 
  5.93    2.536E-03    2.599E-03    9.687E-03    1.418E-03    1.137E-02 
  6.01    2.183E-03    2.224E-03    8.322E-03    1.203E-03    9.716E-03 
  6.08    1.880E-03    1.903E-03    7.150E-03    1.020E-03    8.303E-03 
  6.16    1.620E-03    1.627E-03    6.145E-03    8.637E-04    7.095E-03 
  6.24    1.396E-03    1.391E-03    5.282E-03    7.311E-04    6.062E-03 
  6.31    1.203E-03    1.188E-03    4.540E-03    6.183E-04    5.179E-03 
  6.39    1.037E-03    1.014E-03    3.904E-03    5.225E-04    4.425E-03 
  6.46    8.943E-04    8.646E-04    3.357E-03    4.411E-04    3.780E-03 
  6.54    7.713E-04    7.369E-04    2.888E-03    3.721E-04    3.228E-03 
  6.61    6.655E-04    6.277E-04    2.485E-03    3.135E-04    2.757E-03 
  6.69    5.743E-04    5.343E-04    2.138E-03    2.639E-04    2.354E-03 
  6.77    4.957E-04    4.545E-04    1.840E-03    2.219E-04    2.010E-03 
  6.84    4.280E-04    3.863E-04    1.584E-03    1.864E-04    1.717E-03 
  6.92    3.696E-04    3.282E-04    1.363E-03    1.564E-04    1.465E-03 
  6.99    3.192E-04    2.786E-04    1.174E-03    1.311E-04    1.251E-03 
  7.07    2.757E-04    2.363E-04    1.011E-03    1.097E-04    1.068E-03 
  7.14    2.382E-04    2.004E-04    8.708E-04    9.171E-05    9.114E-04 
  7.22    2.058E-04    1.698E-04    7.501E-04    7.658E-05    7.779E-04 
  7.29    1.779E-04    1.438E-04    6.462E-04    6.387E-05    6.638E-04 
  7.37    1.537E-04    1.217E-04    5.567E-04    5.321E-05    5.665E-04 
  7.45    1.329E-04    1.030E-04    4.796E-04    4.427E-05    4.834E-04 
  7.52    1.148E-04    8.718E-05    4.132E-04    3.680E-05    4.125E-04 
  7.60    9.923E-05    7.376E-05    3.560E-04    3.056E-05    3.519E-04 
  7.67    8.575E-05    6.240E-05    3.067E-04    2.535E-05    3.003E-04 
  7.75    7.409E-05    5.279E-05    2.642E-04    2.102E-05    2.562E-04 
  7.82    6.401E-05    4.468E-05    2.276E-04    1.741E-05    2.186E-04 
  7.90    5.529E-05    3.783E-05    1.960E-04    1.442E-05    1.865E-04 
  7.97    4.775E-05    3.205E-05    1.688E-04    1.193E-05    1.592E-04 
  8.05    4.122E-05    2.717E-05    1.453E-04    9.876E-06    1.358E-04 
  8.13    3.558E-05    2.306E-05    1.251E-04    8.176E-06    1.159E-04 
  8.20    3.070E-05    1.959E-05    1.076E-04    6.772E-06    9.891E-05 
  8.28    2.648E-05    1.666E-05    9.262E-05    5.613E-06    8.443E-05 
  8.35    2.283E-05    1.420E-05    7.967E-05    4.657E-06    7.207E-05 
  8.43    1.968E-05    1.211E-05    6.850E-05    3.870E-06    6.153E-05 
  8.50    1.695E-05    1.035E-05    5.889E-05    3.221E-06    5.253E-05 
  8.58    1.460E-05    8.867E-06    5.060E-05    2.688E-06    4.486E-05 
  8.65    1.257E-05    7.607E-06    4.347E-05    2.248E-06    3.832E-05 
  8.73    1.081E-05    6.540E-06    3.733E-05    1.885E-06    3.273E-05 
  8.81    9.298E-06    5.634E-06    3.204E-05    1.586E-06    2.796E-05 
  8.88    7.992E-06    4.864E-06    2.750E-05    1.339E-06    2.390E-05 
  8.96    6.867E-06    4.207E-06    2.359E-05    1.134E-06    2.042E-05 
  9.03    5.897E-06    3.646E-06    2.023E-05    9.647E-07    1.746E-05 
  9.11    5.062E-06    3.166E-06    1.734E-05    8.234E-07    1.493E-05 
  9.18    4.343E-06    2.753E-06    1.485E-05    7.054E-07    1.276E-05 
  9.26    3.724E-06    2.399E-06    1.272E-05    6.065E-07    1.092E-05 
  9.34    3.193E-06    2.093E-06    1.090E-05    5.232E-07    9.338E-06 
  9.41    2.736E-06    1.828E-06    9.326E-06    4.528E-07    7.989E-06 
  9.49    2.344E-06    1.599E-06    7.981E-06    3.931E-07    6.836E-06 
  9.56    2.007E-06    1.400E-06    6.828E-06    3.420E-07    5.850E-06 
  9.64    1.718E-06    1.227E-06    5.840E-06    2.983E-07    5.007E-06 
  9.71    1.470E-06    1.076E-06    4.994E-06    2.607E-07    4.286E-06 
  9.79    1.258E-06    9.435E-07    4.269E-06    2.281E-07    3.669E-06 
  9.86    1.076E-06    8.278E-07    3.649E-06    1.999E-07    3.141E-06 
  9.94    9.203E-07    7.265E-07    3.119E-06    1.752E-07    2.689E-06 
 10.02    7.870E-07    6.375E-07    2.665E-06    1.537E-07    2.302E-06 
 10.09    6.730E-07    5.594E-07    2.277E-06    1.349E-07    1.972E-06 
 10.17    5.754E-07    4.907E-07    1.946E-06    1.184E-07    1.688E-06 
 10.24    4.920E-07    4.304E-07    1.662E-06    1.038E-07    1.446E-06 
 10.32    4.207E-07    3.773E-07    1.420E-06    9.102E-08    1.238E-06 
 10.39    3.597E-07    3.306E-07    1.213E-06    7.975E-08    1.060E-06 
 10.47    3.076E-07    2.895E-07    1.037E-06    6.982E-08    9.075E-07 
 10.54    2.630E-07    2.533E-07    8.857E-07    6.106E-08    7.769E-07 
 10.62    2.250E-07    2.216E-07    7.569E-07    5.335E-08    6.652E-07 
 10.70    1.924E-07    1.937E-07    6.469E-07    4.656E-08    5.694E-07 
 10.77    1.647E-07    1.692E-07    5.529E-07    4.059E-08    4.875E-07 
 10.85    1.409E-07    1.477E-07    4.726E-07    3.534E-08    4.172E-07 
 10.92    1.206E-07    1.288E-07    4.041E-07    3.073E-08    3.571E-07 
 11.00    1.033E-07    1.123E-07    3.455E-07    2.669E-08    3.056E-07 
 11.07    8.843E-08    9.779E-08    2.955E-07    2.315E-08    2.615E-07 
 11.15    7.574E-08    8.512E-08    2.528E-07    2.006E-08    2.237E-07 
 11.22    6.490E-08    7.404E-08    2.163E-07    1.735E-08    1.914E-07 
 11.30    5.562E-08    6.436E-08    1.851E-07    1.500E-08    1.637E-07 
 11.38    4.767E-08    5.592E-08    1.584E-07    1.294E-08    1.401E-07 
 11.45    4.088E-08    4.855E-08    1.356E-07    1.116E-08    1.198E-07 
 11.53    3.506E-08    4.213E-08    1.161E-07    9.609E-09    1.024E-07 
 11.60    3.008E-08    3.654E-08    9.943E-08    8.266E-09    8.759E-08 
 11.68    2.581E-08    3.168E-08    8.517E-08    7.102E-09    7.489E-08 
 11.75    2.215E-08    2.745E-08    7.296E-08    6.097E-09    6.402E-08 
 11.83    1.902E-08    2.377E-08    6.251E-08    5.228E-09    5.472E-08 
 11.91    1.633E-08    2.058E-08    5.357E-08    4.479E-09    4.677E-08 
 11.98    1.402E-08    1.781E-08    4.592E-08    3.834E-09    3.997E-08 
 12.06    1.205E-08    1.540E-08    3.936E-08    3.279E-09    3.416E-08 
 12.13    1.035E-08    1.332E-08    3.374E-08    2.802E-09    2.919E-08 
 12.21    8.893E-09    1.152E-08    2.893E-08    2.393E-09    2.494E-08 
 12.28    7.643E-09    9.955E-09    2.481E-08    2.042E-09    2.131E-08 
 12.36    6.569E-09    8.602E-09    2.128E-08    1.741E-09    1.820E-08 
 12.43    5.648E-09    7.432E-09    1.825E-08    1.484E-09    1.555E-08 
 12.51    4.856E-09    6.419E-09    1.566E-08    1.264E-09    1.328E-08 
 12.59    4.175E-09    5.544E-09    1.343E-08    1.076E-09    1.134E-08 
 12.66    3.591E-09    4.787E-09    1.152E-08    9.149E-10    9.686E-09 
 12.74    3.088E-09    4.133E-09    9.886E-09    7.778E-10    8.271E-09 
 12.81    2.656E-09    3.567E-09    8.483E-09    6.610E-10    7.063E-09 
 12.89    2.285E-09    3.079E-09    7.279E-09    5.614E-10    6.031E-09 
 12.96    1.966E-09    2.658E-09    6.247E-09    4.766E-10    5.149E-09 
 13.04    1.691E-09    2.294E-09    5.361E-09    4.044E-10    4.396E-09 
 13.11    1.455E-09    1.979E-09    4.601E-09    3.430E-10    3.753E-09 
 13.19    1.252E-09    1.708E-09    3.949E-09    2.908E-10    3.204E-09 
 13.27    1.077E-09    1.474E-09    3.389E-09    2.464E-10    2.735E-09 
 13.34    9.272E-10    1.272E-09    2.909E-09    2.087E-10    2.334E-09 
 13.42    7.980E-10    1.097E-09    2.497E-09    1.767E-10    1.992E-09 
 13.49    6.867E-10    9.466E-10    2.143E-09    1.496E-10    1.701E-09 
 13.57    5.910E-10    8.167E-10    1.840E-09    1.265E-10    1.451E-09 
 13.64    5.087E-10    7.046E-10    1.579E-09    1.070E-10    1.239E-09 
 13.72    4.379E-10    6.079E-10    1.356E-09    9.046E-11    1.057E-09 
 13.79    3.769E-10    5.245E-10    1.164E-09    7.643E-11    9.019E-10 
 13.87    3.244E-10    4.525E-10    9.992E-10    6.455E-11    7.696E-10 
 13.95    2.793E-10    3.904E-10    8.578E-10    5.450E-11    6.567E-10 
 14.02    2.404E-10    3.368E-10    7.364E-10    4.599E-11    5.603E-10 
 14.10    2.069E-10    2.906E-10    6.322E-10    3.878E-11    4.780E-10 
 14.17    1.781E-10    2.507E-10    5.427E-10    3.269E-11    4.078E-10 
 14.25    1.534E-10    2.163E-10    4.660E-10    2.755E-11    3.479E-10 
 14.32    1.320E-10    1.866E-10    4.000E-10    2.320E-11    2.967E-10 
 14.40    1.137E-10    1.610E-10    3.434E-10    1.952E-11    2.531E-10 
 14.48    9.787E-11    1.389E-10    2.949E-10    1.642E-11    2.159E-10 
 14.55    8.427E-11    1.199E-10    2.532E-10    1.381E-11    1.841E-10 
 14.63    7.255E-11    1.034E-10    2.174E-10    1.160E-11    1.570E-10 
 14.70    6.247E-11    8.924E-11    1.866E-10    9.736E-12    1.339E-10 
 14.78    5.379E-11    7.700E-11    1.602E-10    8.168E-12    1.142E-10 
 14.85    4.632E-11    6.644E-11    1.376E-10    6.847E-12    9.738E-11 
 14.93    3.988E-11    5.732E-11    1.181E-10    5.735E-12    8.303E-11 
 15.00    3.434E-11    4.946E-11    1.014E-10    4.799E-12    7.079E-11 