# Ne(3P) + OCS interaction potential, (2)^3A' surface, from Proj-EOM-EE-CCSD / d-aug-cc-pVTZ  
# Potential expanded in terms of Legendre polynomials 
# Below are Legendre radial functions from L = 0 to L = 4    
# All data are in atomic units (Bohr / Hartree)
# 
# R       L = 0        L = 1        L = 2        L = 3        L = 4
  5.71    4.462E-02    2.566E-02    1.150E-01    4.819E-02    7.415E-02 
  5.78    4.055E-02    2.319E-02    1.044E-01    4.258E-02    6.629E-02 
  5.86    3.676E-02    2.088E-02    9.440E-02    3.744E-02    5.899E-02 
  5.93    3.324E-02    1.871E-02    8.508E-02    3.276E-02    5.226E-02 
  6.01    2.999E-02    1.671E-02    7.643E-02    2.854E-02    4.611E-02 
  6.08    2.700E-02    1.487E-02    6.846E-02    2.476E-02    4.055E-02 
  6.16    2.426E-02    1.319E-02    6.118E-02    2.142E-02    3.559E-02 
  6.24    2.178E-02    1.166E-02    5.459E-02    1.853E-02    3.123E-02 
  6.31    1.953E-02    1.031E-02    4.868E-02    1.606E-02    2.747E-02 
  6.39    1.752E-02    9.113E-03    4.344E-02    1.400E-02    2.428E-02 
  6.46    1.572E-02    8.074E-03    3.883E-02    1.232E-02    2.164E-02 
  6.54    1.412E-02    7.181E-03    3.481E-02    1.099E-02    1.952E-02 
  6.61    1.270E-02    6.424E-03    3.133E-02    9.978E-03    1.785E-02 
  6.69    1.145E-02    5.796E-03    2.832E-02    9.231E-03    1.658E-02 
  6.77    1.033E-02    5.272E-03    2.573E-02    8.707E-03    1.563E-02 
  6.84    9.345E-03    4.839E-03    2.347E-02    8.343E-03    1.493E-02 
  6.92    8.461E-03    4.470E-03    2.151E-02    8.083E-03    1.440E-02 
  6.99    7.673E-03    4.147E-03    1.977E-02    7.878E-03    1.395E-02 
  7.07    6.958E-03    3.848E-03    1.819E-02    7.673E-03    1.352E-02 
  7.14    6.306E-03    3.558E-03    1.674E-02    7.427E-03    1.305E-02 
  7.22    5.705E-03    3.263E-03    1.538E-02    7.122E-03    1.251E-02 
  7.29    5.153E-03    2.959E-03    1.410E-02    6.739E-03    1.188E-02 
  7.37    4.643E-03    2.646E-03    1.287E-02    6.288E-03    1.115E-02 
  7.45    4.169E-03    2.326E-03    1.171E-02    5.773E-03    1.035E-02 
  7.52    3.729E-03    2.004E-03    1.059E-02    5.212E-03    9.495E-03 
  7.60    3.322E-03    1.689E-03    9.532E-03    4.629E-03    8.607E-03 
  7.67    2.947E-03    1.386E-03    8.543E-03    4.044E-03    7.718E-03 
  7.75    2.605E-03    1.103E-03    7.627E-03    3.475E-03    6.857E-03 
  7.82    2.293E-03    8.466E-04    6.789E-03    2.940E-03    6.042E-03 
  7.90    2.012E-03    6.206E-04    6.028E-03    2.454E-03    5.294E-03 
  7.97    1.759E-03    4.263E-04    5.354E-03    2.025E-03    4.620E-03 
  8.05    1.533E-03    2.634E-04    4.752E-03    1.653E-03    4.022E-03 
  8.13    1.332E-03    1.294E-04    4.225E-03    1.335E-03    3.500E-03 
  8.20    1.153E-03    2.062E-05    3.760E-03    1.066E-03    3.045E-03 
  8.28    9.928E-04   -6.689E-05    3.349E-03    8.388E-04    2.647E-03 
  8.35    8.502E-04   -1.366E-04    2.987E-03    6.461E-04    2.300E-03 
  8.43    7.226E-04   -1.914E-04    2.665E-03    4.830E-04    1.995E-03 
  8.50    6.083E-04   -2.334E-04    2.379E-03    3.461E-04    1.729E-03 
  8.58    5.062E-04   -2.643E-04    2.126E-03    2.326E-04    1.498E-03 
  8.65    4.154E-04   -2.854E-04    1.901E-03    1.402E-04    1.298E-03 
  8.73    3.343E-04   -2.981E-04    1.703E-03    6.648E-05    1.126E-03 
  8.81    2.623E-04   -3.036E-04    1.528E-03    9.090E-06    9.805E-04 
  8.88    1.982E-04   -3.035E-04    1.373E-03   -3.459E-05    8.561E-04 
  8.96    1.412E-04   -2.988E-04    1.235E-03   -6.711E-05    7.500E-04 
  9.03    9.053E-05   -2.909E-04    1.112E-03   -9.090E-05    6.598E-04 
  9.11    4.544E-05   -2.806E-04    1.002E-03   -1.078E-04    5.818E-04 
  9.18    5.331E-06   -2.686E-04    9.031E-04   -1.195E-04    5.144E-04 
  9.26   -3.031E-05   -2.557E-04    8.138E-04   -1.270E-04    4.561E-04 
  9.34   -6.192E-05   -2.419E-04    7.331E-04   -1.311E-04    4.053E-04 
  9.41   -8.990E-05   -2.278E-04    6.598E-04   -1.325E-04    3.609E-04 
  9.49   -1.146E-04   -2.134E-04    5.937E-04   -1.317E-04    3.220E-04 
  9.56   -1.363E-04   -1.990E-04    5.335E-04   -1.291E-04    2.878E-04 
  9.64   -1.553E-04   -1.849E-04    4.793E-04   -1.252E-04    2.576E-04 
  9.71   -1.719E-04   -1.711E-04    4.298E-04   -1.203E-04    2.309E-04 
  9.79   -1.862E-04   -1.578E-04    3.846E-04   -1.149E-04    2.070E-04 
  9.86   -1.985E-04   -1.451E-04    3.433E-04   -1.092E-04    1.856E-04 
  9.94   -2.089E-04   -1.331E-04    3.054E-04   -1.033E-04    1.665E-04 
 10.02   -2.176E-04   -1.218E-04    2.706E-04   -9.741E-05    1.494E-04 
 10.09   -2.247E-04   -1.112E-04    2.385E-04   -9.163E-05    1.342E-04 
 10.17   -2.304E-04   -1.012E-04    2.089E-04   -8.589E-05    1.208E-04 
 10.24   -2.347E-04   -9.199E-05    1.817E-04   -8.037E-05    1.089E-04 
 10.32   -2.378E-04   -8.329E-05    1.566E-04   -7.500E-05    9.828E-05 
 10.39   -2.399E-04   -7.523E-05    1.337E-04   -6.985E-05    8.867E-05 
 10.47   -2.413E-04   -6.776E-05    1.127E-04   -6.497E-05    7.974E-05 
 10.54   -2.418E-04   -6.083E-05    9.368E-05   -6.042E-05    7.131E-05 
 10.62   -2.418E-04   -5.445E-05    7.646E-05   -5.609E-05    6.324E-05 
 10.70   -2.412E-04   -4.853E-05    6.092E-05   -5.212E-05    5.554E-05 
 10.77   -2.401E-04   -4.313E-05    4.693E-05   -4.839E-05    4.839E-05 
 10.85   -2.385E-04   -3.814E-05    3.438E-05   -4.493E-05    4.180E-05 
 10.92   -2.365E-04   -3.355E-05    2.311E-05   -4.168E-05    3.598E-05 
 11.00   -2.339E-04   -2.933E-05    1.298E-05   -3.863E-05    3.096E-05 
 11.07   -2.310E-04   -2.545E-05    3.867E-06   -3.573E-05    2.670E-05 
 11.15   -2.277E-04   -2.189E-05   -4.354E-06   -3.297E-05    2.306E-05 
 11.22   -2.241E-04   -1.861E-05   -1.179E-05   -3.031E-05    1.990E-05 
 11.30   -2.203E-04   -1.560E-05   -1.851E-05   -2.778E-05    1.706E-05 
 11.38   -2.164E-04   -1.285E-05   -2.458E-05   -2.538E-05    1.442E-05 
 11.45   -2.123E-04   -1.033E-05   -3.003E-05   -2.317E-05    1.194E-05 
 11.53   -2.082E-04   -8.028E-06   -3.487E-05   -2.120E-05    9.628E-06 
 11.60   -2.039E-04   -5.926E-06   -3.911E-05   -1.950E-05    7.513E-06 
 11.68   -1.997E-04   -4.016E-06   -4.276E-05   -1.812E-05    5.636E-06 
 11.75   -1.954E-04   -2.284E-06   -4.584E-05   -1.703E-05    4.013E-06 
 11.83   -1.910E-04   -7.212E-07   -4.839E-05   -1.620E-05    2.622E-06 
 11.91   -1.867E-04    6.793E-07   -5.044E-05   -1.553E-05    1.412E-06 
 11.98   -1.823E-04    1.924E-06   -5.208E-05   -1.494E-05    3.225E-07 
 12.06   -1.778E-04    3.019E-06   -5.335E-05   -1.435E-05   -7.040E-07 
 12.13   -1.734E-04    3.970E-06   -5.436E-05   -1.370E-05   -1.703E-06 
 12.21   -1.689E-04    4.782E-06   -5.509E-05   -1.299E-05   -2.678E-06 
 12.28   -1.645E-04    5.469E-06   -5.563E-05   -1.224E-05   -3.608E-06 
 12.36   -1.601E-04    6.033E-06   -5.604E-05   -1.150E-05   -4.458E-06 
 12.43   -1.557E-04    6.485E-06   -5.627E-05   -1.080E-05   -5.194E-06 
 12.51   -1.514E-04    6.849E-06   -5.641E-05   -1.018E-05   -5.787E-06 
 12.59   -1.471E-04    7.132E-06   -5.641E-05   -9.650E-06   -6.242E-06 
 12.66   -1.429E-04    7.364E-06   -5.627E-05   -9.204E-06   -6.566E-06 
 12.74   -1.388E-04    7.553E-06   -5.600E-05   -8.812E-06   -6.793E-06 
 12.81   -1.349E-04    7.722E-06   -5.559E-05   -8.452E-06   -6.953E-06 
 12.89   -1.309E-04    7.875E-06   -5.504E-05   -8.097E-06   -7.081E-06 
 12.96   -1.271E-04    8.014E-06   -5.436E-05   -7.737E-06   -7.213E-06 
 13.04   -1.233E-04    8.137E-06   -5.354E-05   -7.368E-06   -7.368E-06 
 13.11   -1.196E-04    8.235E-06   -5.258E-05   -6.985E-06   -7.559E-06 
 13.19   -1.160E-04    8.298E-06   -5.149E-05   -6.593E-06   -7.782E-06 
 13.27   -1.125E-04    8.318E-06   -5.035E-05   -6.201E-06   -8.019E-06 
 13.34   -1.091E-04    8.291E-06   -4.916E-05   -5.814E-06   -8.233E-06 
 13.42   -1.058E-04    8.210E-06   -4.798E-05   -5.436E-06   -8.370E-06 
 13.49   -1.025E-04    8.087E-06   -4.684E-05   -5.067E-06   -8.393E-06 
 13.57   -9.933E-05    7.925E-06   -4.575E-05   -4.716E-06   -8.265E-06 
 13.64   -9.623E-05    7.745E-06   -4.472E-05   -4.387E-06   -8.001E-06 
 13.72   -9.318E-05    7.557E-06   -4.370E-05   -4.091E-06   -7.641E-06 
 13.79   -9.026E-05    7.394E-06   -4.266E-05   -3.838E-06   -7.258E-06 
 13.87   -8.739E-05    7.268E-06   -4.154E-05   -3.635E-06   -6.930E-06 
 13.95   -8.466E-05    7.194E-06   -4.032E-05   -3.492E-06   -6.716E-06 
 14.02   -8.201E-05    7.173E-06   -3.900E-05   -3.409E-06   -6.639E-06 
 14.10   -7.946E-05    7.198E-06   -3.761E-05   -3.385E-06   -6.689E-06 
 14.17   -7.696E-05    7.244E-06   -3.623E-05   -3.411E-06   -6.812E-06 
 14.25   -7.445E-05    7.292E-06   -3.493E-05   -3.477E-06   -6.930E-06 
 14.32   -7.194E-05    7.317E-06   -3.378E-05   -3.569E-06   -6.976E-06 
 14.40   -6.948E-05    7.305E-06   -3.280E-05   -3.675E-06   -6.903E-06 
 14.48   -6.707E-05    7.251E-06   -3.198E-05   -3.780E-06   -6.702E-06 
 14.55   -6.465E-05    7.156E-06   -3.126E-05   -3.871E-06   -6.383E-06 
 14.63   -6.242E-05    7.026E-06   -3.056E-05   -3.937E-06   -5.992E-06 
 14.70   -6.028E-05    6.866E-06   -2.984E-05   -3.968E-06   -5.563E-06 
 14.78   -5.828E-05    6.678E-06   -2.905E-05   -3.953E-06   -5.149E-06 
 14.85   -5.641E-05    6.464E-06   -2.818E-05   -3.885E-06   -4.766E-06 
 14.93   -5.458E-05    6.220E-06   -2.726E-05   -3.759E-06   -4.439E-06 
 15.00   -5.285E-05    5.946E-06   -2.633E-05   -3.575E-06   -4.166E-06 
 15.08   -5.112E-05    5.645E-06   -2.546E-05   -3.340E-06   -3.943E-06 
 15.16   -4.939E-05    5.331E-06   -2.465E-05   -3.070E-06   -3.760E-06 
 15.23   -4.777E-05    5.012E-06   -2.388E-05   -2.788E-06   -3.604E-06 
 15.31   -4.618E-05    4.707E-06   -2.317E-05   -2.518E-06   -3.459E-06 
 15.38   -4.463E-05    4.427E-06   -2.250E-05   -2.278E-06   -3.316E-06 
 15.46   -4.314E-05    4.175E-06   -2.185E-05   -2.074E-06   -3.167E-06 
 15.53   -4.172E-05    3.954E-06   -2.119E-05   -1.896E-06   -3.013E-06 
 15.61   -4.037E-05    3.762E-06   -2.050E-05   -1.728E-06   -2.863E-06 
 15.68   -3.904E-05    3.596E-06   -1.978E-05   -1.551E-06   -2.733E-06 
 15.76   -3.782E-05    3.456E-06   -1.902E-05   -1.355E-06   -2.638E-06 
 15.84   -3.660E-05    3.337E-06   -1.825E-05   -1.146E-06   -2.590E-06 
 15.91   -3.544E-05    3.239E-06   -1.747E-05   -9.333E-07   -2.576E-06 
 15.99   -3.432E-05    3.158E-06   -1.670E-05   -7.325E-07   -2.575E-06 
 16.06   -3.326E-05    3.085E-06   -1.596E-05   -5.556E-07   -2.567E-06 
 16.14   -3.222E-05    3.011E-06   -1.529E-05   -4.109E-07   -2.533E-06 
 16.21   -3.122E-05    2.926E-06   -1.468E-05   -3.019E-07   -2.462E-06 
 16.29   -3.027E-05    2.822E-06   -1.415E-05   -2.282E-07   -2.350E-06 
 16.37   -2.935E-05    2.699E-06   -1.369E-05   -1.858E-07   -2.197E-06 
 16.44   -2.847E-05    2.559E-06   -1.330E-05   -1.677E-07   -2.013E-06 
 16.52   -2.763E-05    2.411E-06   -1.297E-05   -1.660E-07   -1.810E-06 
 16.59   -2.682E-05    2.263E-06   -1.267E-05   -1.731E-07   -1.599E-06 
 16.67   -2.604E-05    2.125E-06   -1.240E-05   -1.827E-07   -1.392E-06 
 16.74   -2.528E-05    1.999E-06   -1.214E-05   -1.908E-07   -1.196E-06 
 16.82   -2.455E-05    1.889E-06   -1.189E-05   -1.951E-07   -1.016E-06 
 16.89   -2.385E-05    1.794E-06   -1.164E-05   -1.950E-07   -8.516E-07 
 16.97   -2.318E-05    1.708E-06   -1.139E-05   -1.910E-07   -7.040E-07 
 17.05   -2.253E-05    1.630E-06   -1.114E-05   -1.838E-07   -5.714E-07 
 17.12   -2.190E-05    1.555E-06   -1.089E-05   -1.743E-07   -4.527E-07 
 17.20   -2.130E-05    1.480E-06   -1.065E-05   -1.630E-07   -3.464E-07 
 17.27   -2.072E-05    1.404E-06   -1.040E-05   -1.507E-07   -2.515E-07 
 17.35   -2.016E-05    1.326E-06   -1.015E-05   -1.378E-07   -1.670E-07 
 17.42   -1.962E-05    1.247E-06   -9.903E-06   -1.246E-07   -9.204E-08 
 17.50   -1.910E-05    1.167E-06   -9.656E-06   -1.113E-07   -2.592E-08 
 17.57   -1.860E-05    1.088E-06   -9.409E-06   -9.820E-08    3.209E-08 
 17.65   -1.811E-05    1.010E-06   -9.166E-06   -8.529E-08    8.262E-08 
 17.73   -1.763E-05    9.355E-07   -8.925E-06   -7.240E-08    1.263E-07 
 17.80   -1.717E-05    8.625E-07   -8.685E-06   -6.017E-08    1.637E-07 
 17.88   -1.672E-05    7.987E-07   -8.448E-06   -4.820E-08    1.954E-07 
 17.95   -1.629E-05    7.399E-07   -8.217E-06   -3.649E-08    2.219E-07 
 18.03   -1.586E-05    6.857E-07   -7.986E-06   -2.500E-08    2.439E-07 
 18.10   -1.545E-05    6.370E-07   -7.762E-06   -1.371E-08    2.619E-07 
 18.18   -1.504E-05    5.928E-07   -7.544E-06   -2.617E-09    2.764E-07 
 18.25   -1.465E-05    5.536E-07   -7.330E-06    8.310E-09    2.882E-07 
 18.33   -1.426E-05    5.185E-07   -7.122E-06    1.908E-08    2.976E-07 
 18.41   -1.388E-05    4.871E-07   -6.917E-06    2.969E-08    3.053E-07 
 18.48   -1.352E-05    4.584E-07   -6.722E-06    4.014E-08    3.118E-07 
 18.56   -1.317E-05    4.321E-07   -6.534E-06    5.043E-08    3.173E-07 
 18.63   -1.282E-05    4.076E-07   -6.352E-06    6.053E-08    3.225E-07 
 18.71   -1.249E-05    3.844E-07   -6.173E-06    7.041E-08    3.275E-07 
 18.78   -1.217E-05    3.620E-07   -6.004E-06    8.005E-08    3.326E-07 
 18.86   -1.186E-05    3.400E-07   -5.842E-06    8.939E-08    3.382E-07 
 18.94   -1.155E-05    3.181E-07   -5.686E-06    9.838E-08    3.443E-07 
 19.01   -1.126E-05    2.961E-07   -5.536E-06    1.070E-07    3.510E-07 
 19.09   -1.098E-05    2.741E-07   -5.390E-06    1.150E-07    3.584E-07 
 19.16   -1.070E-05    2.520E-07   -5.254E-06    1.226E-07    3.664E-07 
 19.24   -1.044E-05    2.299E-07   -5.117E-06    1.295E-07    3.750E-07 
 19.31   -1.019E-05    2.080E-07   -4.991E-06    1.357E-07    3.841E-07 
 19.39   -9.938E-06    1.864E-07   -4.864E-06    1.411E-07    3.934E-07 
 19.46   -9.700E-06    1.653E-07   -4.744E-06    1.457E-07    4.030E-07 
 19.54   -9.468E-06    1.447E-07   -4.627E-06    1.495E-07    4.125E-07 
 19.62   -9.243E-06    1.248E-07   -4.513E-06    1.524E-07    4.217E-07 
 19.69   -9.025E-06    1.057E-07   -4.399E-06    1.545E-07    4.305E-07 
 19.77   -8.810E-06    8.735E-08   -4.292E-06    1.557E-07    4.386E-07 
 19.84   -8.606E-06    6.973E-08   -4.185E-06    1.560E-07    4.458E-07 
 19.92   -8.404E-06    5.271E-08   -4.081E-06    1.557E-07    4.519E-07 
 19.99   -8.206E-06    3.613E-08   -3.977E-06    1.546E-07    4.565E-07 
 20.07   -8.014E-06    1.977E-08   -3.876E-06    1.529E-07    4.593E-07 
 20.14   -7.825E-06    3.410E-09   -3.775E-06    1.508E-07    4.606E-07 
 20.22   -7.643E-06   -1.318E-08   -3.678E-06    1.483E-07    4.597E-07 
 20.30   -7.465E-06   -3.018E-08   -3.584E-06    1.456E-07    4.570E-07 
 20.37   -7.286E-06   -4.771E-08   -3.490E-06    1.428E-07    4.522E-07 
 20.45   -7.114E-06   -6.583E-08   -3.395E-06    1.400E-07    4.453E-07 
 20.52   -6.949E-06   -8.454E-08   -3.308E-06    1.375E-07    4.365E-07 
 20.60   -6.784E-06   -1.037E-07   -3.219E-06    1.354E-07    4.260E-07 
 20.67   -6.622E-06   -1.231E-07   -3.134E-06    1.339E-07    4.142E-07 
 20.75   -6.466E-06   -1.423E-07   -3.052E-06    1.331E-07    4.015E-07 
 20.82   -6.311E-06   -1.610E-07   -2.973E-06    1.331E-07    3.883E-07 
 20.90   -6.162E-06   -1.784E-07   -2.897E-06    1.343E-07    3.754E-07 
 20.98   -6.020E-06   -1.940E-07   -2.825E-06    1.367E-07    3.633E-07 
 21.05   -5.878E-06   -2.069E-07   -2.757E-06    1.404E-07    3.528E-07 
 21.13   -5.746E-06   -2.165E-07   -2.693E-06    1.457E-07    3.447E-07 
 21.20   -5.613E-06   -2.221E-07   -2.634E-06    1.526E-07    3.395E-07 
 21.28   -5.491E-06   -2.230E-07   -2.579E-06    1.612E-07    3.378E-07 
 21.35   -5.372E-06   -2.189E-07   -2.529E-06    1.716E-07    3.401E-07 
 21.43   -5.257E-06   -2.095E-07   -2.484E-06    1.836E-07    3.466E-07 
 21.51   -5.147E-06   -1.946E-07   -2.443E-06    1.973E-07    3.575E-07 
 21.58   -5.045E-06   -1.744E-07   -2.406E-06    2.125E-07    3.728E-07 
 21.66   -4.946E-06   -1.493E-07   -2.374E-06    2.291E-07    3.920E-07 
 21.73   -4.850E-06   -1.198E-07   -2.345E-06    2.469E-07    4.148E-07 
 21.81   -4.760E-06   -8.680E-08   -2.320E-06    2.656E-07    4.405E-07 
 21.88   -4.675E-06   -5.147E-08   -2.296E-06    2.848E-07    4.679E-07 
 21.96   -4.589E-06   -1.509E-08   -2.275E-06    3.043E-07    4.962E-07 
 22.03   -4.509E-06    2.093E-08   -2.254E-06    3.235E-07    5.244E-07 
 22.11   -4.427E-06    5.516E-08   -2.233E-06    3.422E-07    5.509E-07 
 22.19   -4.351E-06    8.622E-08   -2.212E-06    3.599E-07    5.741E-07 
 22.26   -4.271E-06    1.128E-07   -2.189E-06    3.762E-07    5.941E-07 
 22.34   -4.192E-06    1.339E-07   -2.164E-06    3.906E-07    6.092E-07 
 22.41   -4.113E-06    1.485E-07   -2.136E-06    4.030E-07    6.183E-07 
 22.49   -4.033E-06    1.561E-07   -2.105E-06    4.128E-07    6.219E-07 
 22.56   -3.951E-06    1.562E-07   -2.071E-06    4.199E-07    6.192E-07 
 22.64   -3.871E-06    1.488E-07   -2.033E-06    4.239E-07    6.101E-07 
 22.71   -3.785E-06    1.343E-07   -1.992E-06    4.248E-07    5.946E-07 
 22.79   -3.703E-06    1.134E-07   -1.947E-06    4.223E-07    5.741E-07 
 22.87   -3.617E-06    8.697E-08   -1.899E-06    4.164E-07    5.490E-07 
 22.94   -3.534E-06    5.638E-08   -1.849E-06    4.070E-07    5.208E-07 
 23.02   -3.451E-06    2.300E-08   -1.797E-06    3.942E-07    4.903E-07 
 23.09   -3.369E-06   -1.170E-08   -1.744E-06    3.781E-07    4.593E-07 
 23.17   -3.287E-06   -4.625E-08   -1.690E-06    3.588E-07    4.284E-07 
 23.24   -3.209E-06   -7.925E-08   -1.636E-06    3.366E-07    3.993E-07 
 23.32   -3.134E-06   -1.094E-07   -1.582E-06    3.118E-07    3.729E-07 
 23.39   -3.062E-06   -1.357E-07   -1.530E-06    2.846E-07    3.503E-07 
 23.47   -2.994E-06   -1.572E-07   -1.479E-06    2.556E-07    3.321E-07 
 23.55   -2.929E-06   -1.732E-07   -1.431E-06    2.251E-07    3.188E-07 
 23.62   -2.868E-06   -1.836E-07   -1.385E-06    1.938E-07    3.107E-07 
 23.70   -2.811E-06   -1.882E-07   -1.342E-06    1.623E-07    3.077E-07 
 23.77   -2.757E-06   -1.874E-07   -1.301E-06    1.311E-07    3.095E-07 
 23.85   -2.707E-06   -1.819E-07   -1.264E-06    1.011E-07    3.153E-07 
 23.92   -2.659E-06   -1.725E-07   -1.229E-06    7.280E-08    3.244E-07 
 24.00   -2.614E-06   -1.600E-07   -1.198E-06    4.698E-08    3.360E-07 
 24.08   -2.571E-06   -1.456E-07   -1.169E-06    2.422E-08    3.489E-07 
 24.15   -2.529E-06   -1.303E-07   -1.143E-06    5.054E-09    3.624E-07 
 24.23   -2.488E-06   -1.150E-07   -1.119E-06   -1.007E-08    3.753E-07 
 24.30   -2.448E-06   -1.008E-07   -1.097E-06   -2.082E-08    3.869E-07 
 24.38   -2.408E-06   -8.849E-08   -1.076E-06   -2.697E-08    3.963E-07 
 24.45   -2.367E-06   -7.866E-08   -1.057E-06   -2.846E-08    4.030E-07 
 24.53   -2.326E-06   -7.184E-08   -1.040E-06   -2.535E-08    4.066E-07 
 24.60   -2.285E-06   -6.830E-08   -1.023E-06   -1.786E-08    4.068E-07 
 24.68   -2.243E-06   -6.807E-08   -1.008E-06   -6.403E-09    4.035E-07 
 24.76   -2.200E-06   -7.099E-08   -9.929E-07    8.493E-09    3.971E-07 
 24.83   -2.157E-06   -7.668E-08   -9.783E-07    2.618E-08    3.877E-07 
 24.91   -2.114E-06   -8.468E-08   -9.640E-07    4.595E-08    3.761E-07 
 24.98   -2.071E-06   -9.440E-08   -9.504E-07    6.704E-08    3.626E-07 
 25.06   -2.029E-06   -1.052E-07   -9.364E-07    8.870E-08    3.479E-07 
 25.13   -1.987E-06   -1.165E-07   -9.224E-07    1.102E-07    3.326E-07 
 25.21   -1.946E-06   -1.277E-07   -9.088E-07    1.309E-07    3.174E-07 
 25.28   -1.906E-06   -1.381E-07   -8.945E-07    1.501E-07    3.029E-07 
 25.36   -1.867E-06   -1.473E-07   -8.802E-07    1.674E-07    2.894E-07 
 25.44   -1.830E-06   -1.548E-07   -8.659E-07    1.824E-07    2.775E-07 
 25.51   -1.794E-06   -1.603E-07   -8.513E-07    1.948E-07    2.674E-07 
 25.59   -1.760E-06   -1.637E-07   -8.363E-07    2.044E-07    2.595E-07 
 25.66   -1.728E-06   -1.649E-07   -8.211E-07    2.113E-07    2.536E-07 
 25.74   -1.698E-06   -1.640E-07   -8.055E-07    2.157E-07    2.499E-07 
 25.81   -1.668E-06   -1.611E-07   -7.898E-07    2.178E-07    2.481E-07 
 25.89   -1.641E-06   -1.565E-07   -7.739E-07    2.179E-07    2.480E-07 
 25.96   -1.614E-06   -1.505E-07   -7.580E-07    2.164E-07    2.495E-07 
 26.04   -1.589E-06   -1.434E-07   -7.421E-07    2.137E-07    2.521E-07 
 26.12   -1.564E-06   -1.356E-07   -7.262E-07    2.101E-07    2.557E-07 
 26.19   -1.540E-06   -1.274E-07   -7.102E-07    2.061E-07    2.598E-07 
 26.27   -1.517E-06   -1.190E-07   -6.943E-07    2.020E-07    2.643E-07 
 26.34   -1.493E-06   -1.109E-07   -6.784E-07    1.980E-07    2.688E-07 
 26.42   -1.470E-06   -1.032E-07   -6.628E-07    1.945E-07    2.731E-07 
 26.49   -1.447E-06   -9.617E-08   -6.475E-07    1.916E-07    2.771E-07 
 26.57   -1.425E-06   -8.992E-08   -6.323E-07    1.893E-07    2.805E-07 
 26.65   -1.402E-06   -8.455E-08   -6.177E-07    1.877E-07    2.834E-07 
 26.72   -1.379E-06   -8.008E-08   -6.033E-07    1.868E-07    2.856E-07 
 26.80   -1.356E-06   -7.650E-08   -5.894E-07    1.863E-07    2.872E-07 
 26.87   -1.334E-06   -7.377E-08   -5.757E-07    1.862E-07    2.883E-07 
 26.95   -1.311E-06   -7.183E-08   -5.628E-07    1.863E-07    2.887E-07 
 27.02   -1.289E-06   -7.059E-08   -5.504E-07    1.864E-07    2.887E-07 
 27.10   -1.267E-06   -6.997E-08   -5.384E-07    1.864E-07    2.882E-07 
 27.17   -1.245E-06   -6.986E-08   -5.270E-07    1.861E-07    2.874E-07 
 27.25   -1.224E-06   -7.019E-08   -5.160E-07    1.854E-07    2.862E-07 
 27.33   -1.203E-06   -7.086E-08   -5.056E-07    1.841E-07    2.848E-07 
 27.40   -1.183E-06   -7.182E-08   -4.958E-07    1.823E-07    2.832E-07 
 27.48   -1.163E-06   -7.300E-08   -4.864E-07    1.799E-07    2.814E-07 
 27.55   -1.143E-06   -7.437E-08   -4.776E-07    1.770E-07    2.793E-07 
 27.63   -1.124E-06   -7.591E-08   -4.692E-07    1.736E-07    2.771E-07 
 27.70   -1.106E-06   -7.763E-08   -4.614E-07    1.698E-07    2.746E-07 
 27.78   -1.087E-06   -7.952E-08   -4.536E-07    1.657E-07    2.718E-07 
 27.85   -1.069E-06   -8.160E-08   -4.464E-07    1.615E-07    2.687E-07 
 27.93   -1.052E-06   -8.390E-08   -4.393E-07    1.574E-07    2.653E-07 
 28.01   -1.035E-06   -8.642E-08   -4.325E-07    1.535E-07    2.614E-07 
 28.08   -1.018E-06   -8.920E-08   -4.260E-07    1.499E-07    2.571E-07 
 28.16   -1.001E-06   -9.225E-08   -4.195E-07    1.468E-07    2.524E-07 
 28.23   -9.849E-07   -9.558E-08   -4.130E-07    1.443E-07    2.471E-07 
 28.31   -9.686E-07   -9.920E-08   -4.068E-07    1.425E-07    2.413E-07 
 28.38   -9.525E-07   -1.031E-07   -4.006E-07    1.414E-07    2.350E-07 
 28.46   -9.362E-07   -1.073E-07   -3.944E-07    1.412E-07    2.282E-07 
 28.53   -9.204E-07   -1.117E-07   -3.883E-07    1.418E-07    2.209E-07 
 28.61   -9.045E-07   -1.164E-07   -3.821E-07    1.432E-07    2.132E-07 
 28.69   -8.886E-07   -1.213E-07   -3.759E-07    1.454E-07    2.051E-07 
 28.76   -8.728E-07   -1.263E-07   -3.701E-07    1.483E-07    1.967E-07 
 28.84   -8.572E-07   -1.315E-07   -3.639E-07    1.519E-07    1.879E-07 
 28.91   -8.417E-07   -1.367E-07   -3.581E-07    1.560E-07    1.790E-07 
 28.99   -8.262E-07   -1.419E-07   -3.522E-07    1.607E-07    1.700E-07 
 29.06   -8.109E-07   -1.471E-07   -3.460E-07    1.658E-07    1.608E-07 
 29.14   -7.957E-07   -1.522E-07   -3.405E-07    1.712E-07    1.517E-07 
 29.22   -7.805E-07   -1.572E-07   -3.347E-07    1.768E-07    1.427E-07 
 29.29   -7.656E-07   -1.620E-07   -3.291E-07    1.825E-07    1.338E-07 
 29.37   -7.508E-07   -1.666E-07   -3.235E-07    1.881E-07    1.251E-07 
 29.44   -7.362E-07   -1.709E-07   -3.182E-07    1.937E-07    1.167E-07 
 29.52   -7.217E-07   -1.749E-07   -3.130E-07    1.990E-07    1.087E-07 
 29.59   -7.078E-07   -1.785E-07   -3.079E-07    2.041E-07    1.011E-07 
 29.67   -6.939E-07   -1.817E-07   -3.030E-07    2.087E-07    9.389E-08 
 29.74   -6.800E-07   -1.845E-07   -2.983E-07    2.129E-07    8.722E-08 
 29.82   -6.668E-07   -1.869E-07   -2.938E-07    2.165E-07    8.109E-08 
 29.90   -6.536E-07   -1.887E-07   -2.896E-07    2.195E-07    7.553E-08 
 29.97   -6.410E-07   -1.900E-07   -2.855E-07    2.218E-07    7.059E-08 
 30.05   -6.285E-07   -1.908E-07   -2.816E-07    2.234E-07    6.627E-08 
 30.12   -6.166E-07   -1.911E-07   -2.780E-07    2.242E-07    6.258E-08 
 30.20   -6.047E-07   -1.909E-07   -2.745E-07    2.243E-07    5.953E-08 
 30.27   -5.934E-07   -1.901E-07   -2.713E-07    2.236E-07    5.712E-08 
 30.35   -5.822E-07   -1.887E-07   -2.683E-07    2.222E-07    5.532E-08 
 30.42   -5.716E-07   -1.869E-07   -2.655E-07    2.199E-07    5.412E-08 
 30.50   -5.613E-07   -1.846E-07   -2.629E-07    2.170E-07    5.350E-08 
 30.58   -5.514E-07   -1.817E-07   -2.604E-07    2.133E-07    5.341E-08 
 30.65   -5.418E-07   -1.785E-07   -2.582E-07    2.090E-07    5.382E-08 
 30.73   -5.329E-07   -1.748E-07   -2.561E-07    2.041E-07    5.469E-08 
 30.80   -5.240E-07   -1.707E-07   -2.541E-07    1.987E-07    5.596E-08 
 30.88   -5.157E-07   -1.662E-07   -2.523E-07    1.928E-07    5.759E-08 
 30.95   -5.078E-07   -1.615E-07   -2.505E-07    1.864E-07    5.952E-08 
 31.03   -5.002E-07   -1.564E-07   -2.489E-07    1.797E-07    6.172E-08 
 31.10   -4.929E-07   -1.511E-07   -2.473E-07    1.727E-07    6.412E-08 
 31.18   -4.860E-07   -1.455E-07   -2.458E-07    1.655E-07    6.667E-08 
 31.26   -4.794E-07   -1.398E-07   -2.443E-07    1.581E-07    6.932E-08 
 31.33   -4.731E-07   -1.339E-07   -2.429E-07    1.506E-07    7.203E-08 
 31.41   -4.675E-07   -1.279E-07   -2.415E-07    1.431E-07    7.473E-08 
 31.48   -4.618E-07   -1.218E-07   -2.401E-07    1.357E-07    7.739E-08 
 31.56   -4.565E-07   -1.157E-07   -2.386E-07    1.283E-07    7.996E-08 
 31.63   -4.516E-07   -1.095E-07   -2.371E-07    1.210E-07    8.240E-08 
 31.71   -4.470E-07   -1.034E-07   -2.356E-07    1.140E-07    8.467E-08 
 31.79   -4.423E-07   -9.732E-08   -2.341E-07    1.072E-07    8.673E-08 
 31.86   -4.384E-07   -9.131E-08   -2.324E-07    1.006E-07    8.857E-08 
 31.94   -4.341E-07   -8.539E-08   -2.307E-07    9.437E-08    9.013E-08 
 32.01   -4.304E-07   -7.960E-08   -2.289E-07    8.848E-08    9.141E-08 
 32.09   -4.268E-07   -7.394E-08   -2.270E-07    8.296E-08    9.238E-08 
 32.16   -4.235E-07   -6.845E-08   -2.251E-07    7.782E-08    9.303E-08 
 32.24   -4.202E-07   -6.312E-08   -2.230E-07    7.307E-08    9.334E-08 
 32.31   -4.169E-07   -5.799E-08   -2.208E-07    6.873E-08    9.331E-08 
 32.39   -4.139E-07   -5.304E-08   -2.185E-07    6.480E-08    9.294E-08 
 32.47   -4.109E-07   -4.832E-08   -2.161E-07    6.126E-08    9.223E-08 
 32.54   -4.080E-07   -4.379E-08   -2.136E-07    5.813E-08    9.118E-08 
 32.62   -4.050E-07   -3.949E-08   -2.110E-07    5.537E-08    8.980E-08 
 32.69   -4.023E-07   -3.541E-08   -2.083E-07    5.298E-08    8.810E-08 
 32.77   -3.994E-07   -3.156E-08   -2.055E-07    5.094E-08    8.609E-08 
 32.84   -3.964E-07   -2.793E-08   -2.026E-07    4.923E-08    8.378E-08 
 32.92   -3.934E-07   -2.453E-08   -1.995E-07    4.784E-08    8.119E-08 
 32.99   -3.904E-07   -2.135E-08   -1.964E-07    4.673E-08    7.833E-08 
 33.07   -3.871E-07   -1.839E-08   -1.933E-07    4.589E-08    7.522E-08 
 33.15   -3.841E-07   -1.564E-08   -1.900E-07    4.528E-08    7.188E-08 
 33.22   -3.808E-07   -1.311E-08   -1.866E-07    4.490E-08    6.833E-08 
 33.30   -3.772E-07   -1.079E-08   -1.832E-07    4.471E-08    6.458E-08 
 33.37   -3.736E-07   -8.668E-09   -1.797E-07    4.468E-08    6.065E-08 
 33.45   -3.699E-07   -6.743E-09   -1.762E-07    4.480E-08    5.658E-08 
 33.52   -3.660E-07   -5.007E-09   -1.726E-07    4.504E-08    5.235E-08 
 33.60   -3.620E-07   -3.453E-09   -1.690E-07    4.538E-08    4.801E-08 
 33.67   -3.577E-07   -2.073E-09   -1.653E-07    4.580E-08    4.357E-08 
 33.75   -3.534E-07   -8.605E-10   -1.616E-07    4.627E-08    3.905E-08 
 33.83   -3.488E-07    1.935E-10   -1.578E-07    4.679E-08    3.445E-08 
 33.90   -3.441E-07    1.097E-09   -1.540E-07    4.733E-08    2.981E-08 
 33.98   -3.392E-07    1.857E-09   -1.503E-07    4.787E-08    2.512E-08 
 34.05   -3.342E-07    2.484E-09   -1.465E-07    4.841E-08    2.042E-08 
 34.13   -3.291E-07    2.984E-09   -1.427E-07    4.893E-08    1.570E-08 
 34.20   -3.238E-07    3.366E-09   -1.389E-07    4.943E-08    1.099E-08 
 34.28   -3.183E-07    3.639E-09   -1.351E-07    4.989E-08    6.289E-09 
 34.36   -3.127E-07    3.810E-09   -1.314E-07    5.031E-08    1.611E-09 
 34.43   -3.070E-07    3.888E-09   -1.276E-07    5.069E-08   -3.034E-09 
 34.51   -3.012E-07    3.880E-09   -1.239E-07    5.102E-08   -7.639E-09 
 34.58   -2.953E-07    3.794E-09   -1.202E-07    5.130E-08   -1.220E-08 
 34.66   -2.893E-07    3.638E-09   -1.166E-07    5.153E-08   -1.670E-08 
 34.73   -2.833E-07    3.419E-09   -1.130E-07    5.171E-08   -2.114E-08 
 34.81   -2.772E-07    3.143E-09   -1.094E-07    5.183E-08   -2.552E-08 
 34.88   -2.712E-07    2.819E-09   -1.059E-07    5.191E-08   -2.983E-08 
 34.96   -2.651E-07    2.452E-09   -1.025E-07    5.194E-08   -3.406E-08 
 35.04   -2.590E-07    2.049E-09   -9.907E-08    5.193E-08   -3.821E-08 
 35.11   -2.529E-07    1.617E-09   -9.575E-08    5.187E-08   -4.229E-08 
 35.19   -2.469E-07    1.159E-09   -9.248E-08    5.178E-08   -4.627E-08 
 35.26   -2.409E-07    6.836E-10   -8.929E-08    5.166E-08   -5.018E-08 
 35.34   -2.350E-07    1.943E-10   -8.617E-08    5.150E-08   -5.399E-08 
 35.41   -2.292E-07   -3.037E-10   -8.313E-08    5.131E-08   -5.772E-08 
 35.49   -2.234E-07   -8.059E-10   -8.016E-08    5.110E-08   -6.136E-08 
 35.56   -2.178E-07   -1.308E-09   -7.727E-08    5.087E-08   -6.490E-08 
 35.64   -2.122E-07   -1.806E-09   -7.446E-08    5.062E-08   -6.835E-08 
 35.72   -2.068E-07   -2.297E-09   -7.173E-08    5.036E-08   -7.171E-08 
 35.79   -2.015E-07   -2.776E-09   -6.909E-08    5.009E-08   -7.497E-08 
 35.87   -1.963E-07   -3.243E-09   -6.652E-08    4.982E-08   -7.815E-08 
 35.94   -1.913E-07   -3.693E-09   -6.404E-08    4.954E-08   -8.123E-08 
 36.02   -1.864E-07   -4.125E-09   -6.165E-08    4.926E-08   -8.422E-08 
 36.09   -1.817E-07   -4.536E-09   -5.934E-08    4.898E-08   -8.713E-08 
 36.17   -1.772E-07   -4.927E-09   -5.710E-08    4.870E-08   -8.994E-08 
 36.24   -1.727E-07   -5.294E-09   -5.496E-08    4.843E-08   -9.266E-08 
 36.32   -1.685E-07   -5.638E-09   -5.290E-08    4.816E-08   -9.530E-08 
 36.40   -1.644E-07   -5.957E-09   -5.091E-08    4.791E-08   -9.784E-08 
 36.47   -1.604E-07   -6.251E-09   -4.901E-08    4.765E-08   -1.003E-07 
 36.55   -1.566E-07   -6.520E-09   -4.719E-08    4.741E-08   -1.027E-07 
 36.62   -1.530E-07   -6.764E-09   -4.544E-08    4.718E-08   -1.050E-07 
 36.70   -1.495E-07   -6.982E-09   -4.376E-08    4.695E-08   -1.072E-07 
 36.77   -1.462E-07   -7.175E-09   -4.216E-08    4.674E-08   -1.093E-07 
 36.85   -1.430E-07   -7.343E-09   -4.063E-08    4.654E-08   -1.114E-07 
 36.93   -1.400E-07   -7.486E-09   -3.917E-08    4.635E-08   -1.134E-07 
 37.00   -1.371E-07   -7.605E-09   -3.778E-08    4.617E-08   -1.153E-07 
 37.08   -1.344E-07   -7.701E-09   -3.646E-08    4.600E-08   -1.171E-07 
 37.15   -1.317E-07   -7.774E-09   -3.520E-08    4.584E-08   -1.189E-07 
 37.23   -1.292E-07   -7.826E-09   -3.400E-08    4.569E-08   -1.206E-07 
 37.30   -1.269E-07   -7.855E-09   -3.286E-08    4.555E-08   -1.222E-07 
 37.38   -1.246E-07   -7.864E-09   -3.178E-08    4.541E-08   -1.238E-07 
 37.45   -1.225E-07   -7.854E-09   -3.075E-08    4.529E-08   -1.253E-07 
 37.53   -1.205E-07   -7.824E-09   -2.978E-08    4.518E-08   -1.267E-07 
 37.61   -1.186E-07   -7.777E-09   -2.886E-08    4.507E-08   -1.281E-07 
 37.68   -1.168E-07   -7.712E-09   -2.800E-08    4.497E-08   -1.294E-07 
 37.76   -1.151E-07   -7.630E-09   -2.718E-08    4.488E-08   -1.306E-07 