# Ne(3P) + OCS: partial ionization width (Gamma) from (2)^3A' surface into A^2\Pi state of OCS^+  
# Gamma expanded in terms of Legendre polynomials 
# Below are Legendre radial functions from L = 0 to L = 4
# All data are in atomic units (Bohr / Hartree)
# For R > 15 a.u., Gamma should be assumed 0       
# 
# R       L = 0        L = 1        L = 2        L = 3        L = 4
  5.71    4.628E-03   -8.181E-03    9.305E-03   -4.708E-03   -1.175E-03   
  5.78    4.025E-03   -7.142E-03    8.076E-03   -4.021E-03   -1.149E-03   
  5.86    3.431E-03   -6.112E-03    6.866E-03   -3.358E-03   -1.098E-03   
  5.93    2.983E-03   -5.331E-03    5.956E-03   -2.867E-03   -1.042E-03   
  6.01    2.541E-03   -4.557E-03    5.061E-03   -2.394E-03   -9.686E-04   
  6.08    2.207E-03   -3.971E-03    4.387E-03   -2.044E-03   -9.010E-04   
  6.16    1.879E-03   -3.391E-03    3.725E-03   -1.705E-03   -8.226E-04   
  6.24    1.599E-03   -2.894E-03    3.162E-03   -1.423E-03   -7.453E-04   
  6.31    1.388E-03   -2.519E-03    2.739E-03   -1.214E-03   -6.799E-04   
  6.39    1.180E-03   -2.147E-03    2.323E-03   -1.013E-03   -6.090E-04   
  6.46    1.023E-03   -1.867E-03    2.010E-03   -8.643E-04   -5.507E-04   
  6.54    8.694E-04   -1.590E-03    1.704E-03   -7.207E-04   -4.888E-04   
  6.61    7.535E-04   -1.381E-03    1.473E-03   -6.146E-04   -4.390E-04   
  6.69    6.396E-04   -1.174E-03    1.248E-03   -5.123E-04   -3.868E-04   
  6.77    5.426E-04   -9.983E-04    1.056E-03   -4.269E-04   -3.397E-04   
  6.84    4.697E-04   -8.656E-04    9.121E-04   -3.639E-04   -3.025E-04   
  6.92    3.982E-04   -7.350E-04    7.713E-04   -3.031E-04   -2.642E-04   
  6.99    3.444E-04   -6.367E-04    6.657E-04   -2.582E-04   -2.342E-04   
  7.07    2.917E-04   -5.399E-04    5.624E-04   -2.150E-04   -2.036E-04   
  7.14    2.521E-04   -4.672E-04    4.851E-04   -1.831E-04   -1.798E-04   
  7.22    2.133E-04   -3.957E-04    4.094E-04   -1.524E-04   -1.557E-04   
  7.29    1.842E-04   -3.421E-04    3.528E-04   -1.297E-04   -1.370E-04   
  7.37    1.557E-04   -2.894E-04    2.975E-04   -1.079E-04   -1.182E-04   
  7.45    1.315E-04   -2.447E-04    2.507E-04   -8.969E-05   -1.017E-04   
  7.52    1.134E-04   -2.111E-04    2.158E-04   -7.630E-05   -8.912E-05   
  7.60    9.570E-05   -1.783E-04    1.817E-04   -6.341E-05   -7.649E-05   
  7.67    8.245E-05   -1.537E-04    1.562E-04   -5.392E-05   -6.683E-05   
  7.75    6.951E-05   -1.296E-04    1.314E-04   -4.478E-05   -5.719E-05   
  7.82    5.983E-05   -1.116E-04    1.129E-04   -3.806E-05   -4.984E-05   
  7.90    5.039E-05   -9.397E-05    9.483E-05   -3.160E-05   -4.254E-05   
  7.97    4.334E-05   -8.082E-05    8.139E-05   -2.684E-05   -3.699E-05   
  8.05    3.646E-05   -6.798E-05    6.831E-05   -2.227E-05   -3.149E-05   
  8.13    3.065E-05   -5.715E-05    5.730E-05   -1.847E-05   -2.678E-05   
  8.20    2.632E-05   -4.906E-05    4.912E-05   -1.568E-05   -2.321E-05   
  8.28    2.211E-05   -4.119E-05    4.116E-05   -1.300E-05   -1.969E-05   
  8.35    1.897E-05   -3.532E-05    3.524E-05   -1.103E-05   -1.703E-05   
  8.43    1.591E-05   -2.961E-05    2.950E-05   -9.142E-06   -1.442E-05   
  8.50    1.364E-05   -2.537E-05    2.524E-05   -7.754E-06   -1.245E-05   
  8.58    1.143E-05   -2.124E-05    2.110E-05   -6.422E-06   -1.052E-05   
  8.65    9.787E-06   -1.817E-05    1.804E-05   -5.445E-06   -9.064E-06   
  8.73    8.192E-06   -1.519E-05    1.507E-05   -4.507E-06   -7.640E-06   
  8.81    6.854E-06   -1.270E-05    1.258E-05   -3.730E-06   -6.434E-06   
  8.88    5.860E-06   -1.084E-05    1.073E-05   -3.161E-06   -5.531E-06   
  8.96    4.897E-06   -9.047E-06    8.950E-06   -2.615E-06   -4.649E-06   
  9.03    4.183E-06   -7.718E-06    7.631E-06   -2.214E-06   -3.990E-06   
  9.11    3.492E-06   -6.431E-06    6.356E-06   -1.831E-06   -3.347E-06   
  9.18    2.980E-06   -5.480E-06    5.414E-06   -1.550E-06   -2.868E-06   
  9.26    2.485E-06   -4.560E-06    4.505E-06   -1.281E-06   -2.402E-06   
  9.34    2.070E-06   -3.792E-06    3.746E-06   -1.059E-06   -2.010E-06   
  9.41    1.764E-06   -3.225E-06    3.186E-06   -8.960E-07   -1.718E-06   
  9.49    1.469E-06   -2.678E-06    2.646E-06   -7.402E-07   -1.435E-06   
  9.56    1.250E-06   -2.275E-06    2.249E-06   -6.261E-07   -1.225E-06   
  9.64    1.039E-06   -1.886E-06    1.866E-06   -5.170E-07   -1.021E-06   
  9.71    8.840E-07   -1.600E-06    1.584E-06   -4.372E-07   -8.702E-07   
  9.79    7.342E-07   -1.325E-06    1.313E-06   -3.610E-07   -7.243E-07   
  9.86    6.238E-07   -1.123E-06    1.113E-06   -3.052E-07   -6.164E-07   
  9.94    5.175E-07   -9.285E-07    9.217E-07   -2.519E-07   -5.122E-07   
 10.02    4.291E-07   -7.672E-07    7.626E-07   -2.078E-07   -4.253E-07   
 10.09    3.641E-07   -6.488E-07    6.458E-07   -1.756E-07   -3.612E-07   
 10.17    3.015E-07   -5.353E-07    5.337E-07   -1.449E-07   -2.994E-07   
 10.24    2.556E-07   -4.522E-07    4.515E-07   -1.224E-07   -2.539E-07   
 10.32    2.115E-07   -3.725E-07    3.728E-07   -1.010E-07   -2.101E-07   
 10.39    1.791E-07   -3.142E-07    3.151E-07   -8.532E-08   -1.779E-07   
 10.47    1.480E-07   -2.585E-07    2.598E-07   -7.036E-08   -1.470E-07   
 10.54    1.252E-07   -2.178E-07    2.194E-07   -5.943E-08   -1.243E-07   
 10.62    1.034E-07   -1.789E-07    1.807E-07   -4.900E-08   -1.026E-07   
 10.70    8.532E-08   -1.468E-07    1.488E-07   -4.040E-08   -8.455E-08   
 10.77    7.208E-08   -1.234E-07    1.255E-07   -3.412E-08   -7.135E-08   
 10.85    5.942E-08   -1.011E-07    1.032E-07   -2.813E-08   -5.872E-08   
 10.92    5.016E-08   -8.492E-08    8.691E-08   -2.375E-08   -4.949E-08   
 11.00    4.131E-08   -6.948E-08    7.140E-08   -1.958E-08   -4.067E-08   
 11.07    3.484E-08   -5.825E-08    6.008E-08   -1.653E-08   -3.423E-08   
 11.15    2.867E-08   -4.758E-08    4.931E-08   -1.362E-08   -2.809E-08   
 11.22    2.416E-08   -3.984E-08    4.146E-08   -1.150E-08   -2.361E-08   
 11.30    1.986E-08   -3.249E-08    3.398E-08   -9.480E-09   -1.935E-08   
 11.38    1.632E-08   -2.647E-08    2.784E-08   -7.812E-09   -1.584E-08   
 11.45    1.373E-08   -2.211E-08    2.338E-08   -6.596E-09   -1.329E-08   
 11.53    1.127E-08   -1.799E-08    1.913E-08   -5.435E-09   -1.086E-08   
 11.60    9.481E-09   -1.500E-08    1.605E-08   -4.589E-09   -9.100E-09   
 11.68    7.776E-09   -1.218E-08    1.312E-08   -3.781E-09   -7.428E-09   
 11.75    6.535E-09   -1.014E-08    1.100E-08   -3.192E-09   -6.216E-09   
 11.83    5.356E-09   -8.221E-09    8.983E-09   -2.631E-09   -5.067E-09   
 11.91    4.387E-09   -6.657E-09    7.333E-09   -2.168E-09   -4.127E-09   
 11.98    3.684E-09   -5.529E-09    6.137E-09   -1.830E-09   -3.446E-09   
 12.06    3.015E-09   -4.468E-09    5.005E-09   -1.508E-09   -2.803E-09   
 12.13    2.530E-09   -3.705E-09    4.185E-09   -1.274E-09   -2.338E-09   
 12.21    2.070E-09   -2.988E-09    3.410E-09   -1.050E-09   -1.899E-09   
 12.28    1.735E-09   -2.473E-09    2.849E-09   -8.861E-10   -1.582E-09   
 12.36    1.419E-09   -1.990E-09    2.319E-09   -7.303E-10   -1.283E-09   
 12.43    1.189E-09   -1.644E-09    1.936E-09   -6.167E-10   -1.068E-09   
 12.51    9.715E-10   -1.320E-09    1.574E-09   -5.083E-10   -8.649E-10   
 12.59    7.936E-10   -1.058E-09    1.280E-09   -4.190E-10   -7.001E-10   
 12.66    6.646E-10   -8.713E-10    1.067E-09   -3.538E-10   -5.815E-10   
 12.74    5.426E-10   -6.969E-10    8.664E-10   -2.917E-10   -4.701E-10   
 12.81    4.543E-10   -5.725E-10    7.219E-10   -2.463E-10   -3.900E-10   
 12.89    3.708E-10   -4.566E-10    5.857E-10   -2.031E-10   -3.149E-10   
 12.96    3.103E-10   -3.741E-10    4.876E-10   -1.715E-10   -2.609E-10   
 13.04    2.532E-10   -2.975E-10    3.953E-10   -1.414E-10   -2.104E-10   
 13.11    2.118E-10   -2.431E-10    3.289E-10   -1.195E-10   -1.742E-10   
 13.19    1.728E-10   -1.927E-10    2.664E-10   -9.853E-11   -1.403E-10   
 13.27    1.409E-10   -1.524E-10    2.157E-10   -8.126E-11   -1.129E-10   
 13.34    1.179E-10   -1.239E-10    1.792E-10   -6.866E-11   -9.333E-11   
 13.42    9.615E-11   -9.764E-11    1.450E-10   -5.664E-11   -7.503E-11   
 13.49    8.044E-11   -7.909E-11    1.204E-10   -4.787E-11   -6.196E-11   
 13.57    6.560E-11   -6.203E-11    9.739E-11   -3.949E-11   -4.977E-11   
 13.64    5.488E-11   -5.003E-11    8.083E-11   -3.338E-11   -4.106E-11   
 13.72    4.476E-11   -3.902E-11    6.531E-11   -2.755E-11   -3.295E-11   
 13.79    3.745E-11   -3.131E-11    5.418E-11   -2.329E-11   -2.716E-11   
 13.87    3.055E-11   -2.427E-11    4.375E-11   -1.923E-11   -2.177E-11   
 13.95    2.493E-11   -1.873E-11    3.532E-11   -1.587E-11   -1.745E-11   
 14.02    2.087E-11   -1.488E-11    2.928E-11   -1.343E-11   -1.437E-11   
 14.10    1.703E-11   -1.138E-11    2.362E-11   -1.109E-11   -1.150E-11   
 14.17    1.426E-11   -8.959E-12    1.957E-11   -9.380E-12   -9.469E-12   
 14.25    1.165E-11   -6.774E-12    1.578E-11   -7.750E-12   -7.578E-12   
 14.32    9.757E-12   -5.271E-12    1.307E-11   -6.558E-12   -6.234E-12   
 14.40    7.973E-12   -3.923E-12    1.054E-11   -5.420E-12   -4.987E-12   
 14.48    6.517E-12   -2.888E-12    8.492E-12   -4.480E-12   -3.988E-12   
 14.55    5.464E-12   -2.185E-12    7.030E-12   -3.794E-12   -3.280E-12   
 14.63    4.470E-12   -1.564E-12    5.664E-12   -3.137E-12   -2.623E-12   
 14.70    3.751E-12   -1.146E-12    4.688E-12   -2.657E-12   -2.157E-12   
 14.78    3.071E-12   -7.813E-13    3.776E-12   -2.199E-12   -1.725E-12   
 14.85    2.579E-12   -5.401E-13    3.125E-12   -1.863E-12   -1.418E-12   
 14.93    2.113E-12   -3.333E-13    2.517E-12   -1.542E-12   -1.134E-12   
 15.00    1.776E-12   -1.994E-13    2.082E-12   -1.307E-12   -9.332E-13   
