# Ne(3P) + OCS interaction potential, (2)^3A' surface, from Proj-EOM-EE-CCSD / d-aug-cc-pVTZ  
# Potential data on a grid V(R, theta)
# Theta points correspond to 7-point Gauss-Lobatto quadrature 
# All data are in atomic units (Bohr / Hartree)
# 
#   R      V(r, theta)       
# theta = 0.0
  6.05    2.164E-01  
  6.43    1.138E-01  
  6.80    7.402E-02  
  7.18    5.996E-02  
  7.56    4.130E-02  
  7.94    2.175E-02  
  8.31    1.021E-02  
  8.69    4.476E-03  
  9.07    1.893E-03  
  9.45    7.426E-04  
  9.83    2.113E-04  
 10.20   -4.971E-05  
 10.58   -1.816E-04  
 10.96   -2.450E-04  
 11.34   -2.583E-04  
 11.72   -2.541E-04  
 12.09   -2.396E-04  
 12.47   -2.191E-04  
 12.85   -1.956E-04  
 13.23   -1.714E-04  
 13.61   -1.480E-04  
 13.98   -1.262E-04  
 14.36   -1.064E-04  
 14.74   -8.891E-05  
 15.12   -7.390E-05  
 15.50   -6.128E-05  
 15.87   -5.094E-05  
 16.25   -4.264E-05  
 16.63   -3.614E-05  
 17.01   -3.127E-05  
 17.95   -2.131E-05  
 18.90   -1.506E-05  
 19.84   -1.087E-05  
 20.79   -7.975E-06  
 21.73   -5.959E-06  
 22.68   -4.523E-06  
 23.62   -3.454E-06  
 24.57   -2.676E-06  
 25.51   -2.056E-06  
 26.46   -1.694E-06  
 27.40   -1.280E-06  
 28.35   -1.017E-06  
 30.24   -6.629E-07  
 32.13   -5.080E-07  
 34.02   -3.622E-07  
 35.90   -1.946E-07  
 37.79   -1.276E-07  
#
# theta = 33.8783 
  6.05    6.838E-02  
  6.43    4.077E-02  
  6.80    2.267E-02  
  7.18    1.172E-02  
  7.56    5.732E-03  
  7.94    2.697E-03  
  8.31    1.207E-03  
  8.69    4.686E-04  
  9.07    9.027E-05  
  9.45   -1.100E-04  
  9.83   -2.129E-04  
 10.20   -2.603E-04  
 10.58   -2.739E-04  
 10.96   -2.682E-04  
 11.34   -2.517E-04  
 11.72   -2.295E-04  
 12.09   -2.047E-04  
 12.47   -1.794E-04  
 12.85   -1.565E-04  
 13.23   -1.343E-04  
 13.61   -1.144E-04  
 13.98   -9.688E-05  
 14.36   -8.035E-05  
 14.74   -6.707E-05  
 15.12   -5.604E-05  
 15.50   -4.662E-05  
 15.87   -3.878E-05  
 16.25   -3.223E-05  
 16.63   -2.790E-05  
 17.01   -2.449E-05  
 17.95   -1.825E-05  
 18.90   -1.317E-05  
 19.84   -9.784E-06  
 20.79   -7.354E-06  
 21.73   -5.598E-06  
 22.68   -4.325E-06  
 23.62   -3.392E-06  
 24.57   -2.669E-06  
 25.51   -2.142E-06  
 26.46   -1.660E-06  
 27.40   -1.325E-06  
 28.35   -1.117E-06  
 30.24   -7.664E-07  
 32.13   -5.285E-07  
 34.02   -3.773E-07  
 35.90   -2.169E-07  
 37.79   -1.271E-07  
#
# theta = 62.0404 
  6.05    7.910E-03  
  6.43    4.914E-03  
  6.80    3.017E-03  
  7.18    1.784E-03  
  7.56    9.720E-04  
  7.94    4.422E-04  
  8.31    1.044E-04  
  8.69   -1.020E-04  
  9.07   -2.186E-04  
  9.45   -2.751E-04  
  9.83   -2.926E-04  
 10.20   -2.858E-04  
 10.58   -2.655E-04  
 10.96   -2.389E-04  
 11.34   -2.105E-04  
 11.72   -1.828E-04  
 12.09   -1.572E-04  
 12.47   -1.343E-04  
 12.85   -1.141E-04  
 13.23   -9.680E-05  
 13.61   -8.212E-05  
 13.98   -6.978E-05  
 14.36   -5.762E-05  
 14.74   -4.683E-05  
 15.12   -3.972E-05  
 15.50   -3.325E-05  
 15.87   -2.795E-05  
 16.25   -2.353E-05  
 16.63   -1.935E-05  
 17.01   -1.623E-05  
 17.95   -1.158E-05  
 18.90   -8.445E-06  
 19.84   -6.294E-06  
 20.79   -4.748E-06  
 21.73   -3.656E-06  
 22.68   -2.885E-06  
 23.62   -2.197E-06  
 24.57   -1.751E-06  
 25.51   -1.416E-06  
 26.46   -1.193E-06  
 27.40   -9.846E-07  
 28.35   -8.037E-07  
 30.24   -5.468E-07  
 32.13   -3.590E-07  
 34.02   -2.561E-07  
 35.90   -1.326E-07  
 37.79   -6.561E-08  
#
# theta = 90.0 
  6.05    5.219E-03  
  6.43    3.256E-03  
  6.80    1.946E-03  
  7.18    1.067E-03  
  7.56    4.841E-04  
  7.94    1.085E-04  
  8.31   -1.215E-04  
  8.69   -2.506E-04  
  9.07   -3.119E-04  
  9.45   -3.296E-04  
  9.83   -3.235E-04  
 10.20   -3.002E-04  
 10.58   -2.664E-04  
 10.96   -2.361E-04  
 11.34   -2.047E-04  
 11.72   -1.760E-04  
 12.09   -1.504E-04  
 12.47   -1.282E-04  
 12.85   -1.083E-04  
 13.23   -9.199E-05  
 13.61   -7.841E-05  
 13.98   -6.601E-05  
 14.36   -5.679E-05  
 14.74   -4.657E-05  
 15.12   -3.913E-05  
 15.50   -3.194E-05  
 15.87   -2.706E-05  
 16.25   -2.357E-05  
 16.63   -2.002E-05  
 17.01   -1.669E-05  
 17.95   -1.179E-05  
 18.90   -8.506E-06  
 19.84   -6.250E-06  
 20.79   -4.663E-06  
 21.73   -3.483E-06  
 22.68   -2.670E-06  
 23.62   -2.060E-06  
 24.57   -1.623E-06  
 25.51   -1.279E-06  
 26.46   -1.023E-06  
 27.40   -8.343E-07  
 28.35   -6.757E-07  
 30.24   -4.411E-07  
 32.13   -2.788E-07  
 34.02   -2.556E-07  
 35.90   -1.936E-07  
 37.79   -1.508E-07  
#
# theta = 117.96 
  6.05    1.076E-02  
  6.43    6.354E-03  
  6.80    3.808E-03  
  7.18    2.282E-03  
  7.56    1.326E-03  
  7.94    7.076E-04  
  8.31    3.022E-04  
  8.69    3.965E-05  
  9.07   -1.234E-04  
  9.45   -2.167E-04  
  9.83   -2.615E-04  
 10.20   -2.728E-04  
 10.58   -2.636E-04  
 10.96   -2.441E-04  
 11.34   -2.199E-04  
 11.72   -1.943E-04  
 12.09   -1.723E-04  
 12.47   -1.493E-04  
 12.85   -1.285E-04  
 13.23   -1.103E-04  
 13.61   -9.365E-05  
 13.98   -8.019E-05  
 14.36   -6.901E-05  
 14.74   -5.897E-05  
 15.12   -5.058E-05  
 15.50   -4.158E-05  
 15.87   -3.518E-05  
 16.25   -2.951E-05  
 16.63   -2.484E-05  
 17.01   -2.029E-05  
 17.95   -1.465E-05  
 18.90   -1.046E-05  
 19.84   -7.631E-06  
 20.79   -5.644E-06  
 21.73   -4.241E-06  
 22.68   -3.231E-06  
 23.62   -2.450E-06  
 24.57   -2.140E-06  
 25.51   -1.510E-06  
 26.46   -1.252E-06  
 27.40   -1.019E-06  
 28.35   -8.238E-07  
 30.24   -4.087E-07  
 32.13   -3.413E-07  
 34.02   -2.839E-07  
 35.90   -1.312E-07  
 37.79   -4.921E-08  
#
# theta = 146.122 
  6.05    4.574E-02  
  6.43    2.655E-02  
  6.80    1.570E-02  
  7.18    9.536E-03  
  7.56    5.939E-03  
  7.94    3.743E-03  
  8.31    2.339E-03  
  8.69    1.410E-03  
  9.07    7.874E-04  
  9.45    3.727E-04  
  9.83    1.043E-04  
 10.20   -6.146E-05  
 10.58   -1.563E-04  
 10.96   -2.038E-04  
 11.34   -2.204E-04  
 11.72   -2.206E-04  
 12.09   -2.072E-04  
 12.47   -1.884E-04  
 12.85   -1.677E-04  
 13.23   -1.471E-04  
 13.61   -1.279E-04  
 13.98   -1.104E-04  
 14.36   -9.502E-05  
 14.74   -8.160E-05  
 15.12   -7.006E-05  
 15.50   -5.920E-05  
 15.87   -5.110E-05  
 16.25   -4.456E-05  
 16.63   -3.811E-05  
 17.01   -3.140E-05  
 17.95   -2.228E-05  
 18.90   -1.585E-05  
 19.84   -1.157E-05  
 20.79   -8.363E-06  
 21.73   -6.426E-06  
 22.68   -5.638E-06  
 23.62   -3.761E-06  
 24.57   -2.936E-06  
 25.51   -2.330E-06  
 26.46   -1.906E-06  
 27.40   -1.551E-06  
 28.35   -1.216E-06  
 30.24   -6.971E-07  
 32.13   -5.477E-07  
 34.02   -4.570E-07  
 35.90   -2.570E-07  
 37.79   -1.481E-07  
#
# theta = 180.0
  6.05    9.276E-02  
  6.43    5.623E-02  
  6.80    3.369E-02  
  7.18    2.063E-02  
  7.56    1.296E-02  
  7.94    8.304E-03  
  8.31    5.358E-03  
  8.69    3.427E-03  
  9.07    2.127E-03  
  9.45    1.253E-03  
  9.83    6.677E-04  
 10.20    2.871E-04  
 10.58    4.878E-05  
 10.96   -9.446E-05  
 11.34   -1.707E-04  
 11.72   -2.048E-04  
 12.09   -2.134E-04  
 12.47   -2.068E-04  
 12.85   -1.922E-04  
 13.23   -1.737E-04  
 13.61   -1.528E-04  
 13.98   -1.330E-04  
 14.36   -1.150E-04  
 14.74   -9.887E-05  
 15.12   -8.480E-05  
 15.50   -7.262E-05  
 15.87   -6.198E-05  
 16.25   -5.342E-05  
 16.63   -4.600E-05  
 17.01   -3.851E-05  
 17.95   -2.732E-05  
 18.90   -1.925E-05  
 19.84   -1.382E-05  
 20.79   -1.011E-05  
 21.73   -7.718E-06  
 22.68   -5.707E-06  
 23.62   -4.412E-06  
 24.57   -3.473E-06  
 25.51   -2.721E-06  
 26.46   -2.157E-06  
 27.40   -1.661E-06  
 28.35   -1.357E-06  
 30.24   -9.546E-07  
 32.13   -6.607E-07  
 34.02   -5.354E-07  
 35.90   -3.367E-07  
 37.79   -2.264E-07  
